94 21
83 29
89 41
76 63
79 97
32 2
8 33
86 14
43 69
14 92
73 3
92 66
69 49
58 59
7 46
56 7
3 97
38 63
52 83
17 35
22 45
35 31
5 40
35 58
86 47
2 83
24 96
39 70
77 34
39 10
39 4
47 30
48 76
96 15
76 80
48 55
82 50
0 48
34 33
78 0
87 35
64 19
56 87
49 14
56 91
35 44
17 24
60 89
6 14
21 62
44 45
17 69
14 78
29 18
55 42
15 73
21 70
95 29
42 38
37 33
3 77
78 74
7 93
22 20
86 49
46 60
51 56
22 29
86 98
18 40
70 12
29 25
47 74
57 84
46 76
64 32
65 38
22 68
99 67
50 58
43 10
90 53
79 79
17 10
14 98
41 63
75 44
31 73
39 92
75 56
38 63
24 82
53 39
30 89
93 99
81 81
65 99
48 24
83 67
82 7
