84 61 38 89 94 95 95 57 76 17 64 81 54 47 74 35 65 1
53 77 80 43 87 63 41 89 1 84
70 62
6 38 33 57 98 29 76 18 14 14
42 70 85 56 98 50 17 78 51 84 57 17 4 60
62 91 2
55 52 30 16 95 7 75 30 24 93 93 76 81 25 2
68 69 71 7 40 75
83 53 64 46 12 58 18 66 42 15 7 66 90 62 25 14 24 84
57 47 90 58 8 57 95 85 45 10 7 27 95
82 47 6 52 35 90 35 75 68
90 98 34
77 65 12 78 16 94 12 16 87 51 43 36 86
56 63 70 14 21 30 0 18 3 47 46 49
42 10 12
67 82 4
7 16 3 48 97 24 65 72 75 5
59 69 90 94 22 62 47 10 60 31 38
65 79 27 23 61 12 3
99 34 16 98 41 6 86 46 29 90 95 68 40 32 59 91 81 68 32
69 56 31 70 72 21 63 11 14 1 71 67 65 92
87 67 54 84 86 70 7 88
89 4 95
51 81 27 95
63 71 90 63
28 12 84 49 10 7 40 32 50
77 73 24 92 32 95 49 94 99 71
75 56 58 87 12
42 49 92 62 37 75
64 83
24 49 0 43 43 10 51 98 83 9 97
7 26 19 15
41 6 85 97 95 54 43 90 23 23
7 35 30 58 38
56 46 20 32 31 0 44 42 22 12 25 13 17 17
42 26 78 44 59 15 47 76 9 92 80 54 79 30 26 25 57 78 25
78
74 67 30 87 96 76 3 43 79 96 3 60 43 45 62
89 60 8 56 37 55 91
77 71 27 20 42 25 91 80 8 22 4 9 30 9 32 88 68 52
56 5 30 72 57 23 39 9 86 56 13 10 71 34 13 32 63 23 42
97 4 51 47 22 29 25 40 21 33 6 18
23 41 11 91 46 72 4 72 40 17 57 68 2
96 55 84 67 37
34 73 92 98 18 31 45 73 14 7 45 73 17 28
39 96 23 49 5 70 53 3 87 63 58 10 56 46 9 67 82 87 81
66 25 31 7 29 11 80 89 72 10 40 12 24 38 25 18 42 13 0 29
93 71 59 48 24 52 11 50 67 96 57 81 63 90 45
66
35 37 81 81 14 94 67 26 11 37 77
42 90 89 15
11 74 50 23 77 33 13 79 2 9 37 6 12 63 64 81
24 23 68 60 0 9 54 67 82 47 35 10
84 81 54 38 60 87 14 4 89 64 10 62 30
68 54 8 67 34
49 55 31 79 64 10 64 44 47 96 53 34 59 68 2 90 64 23
73 33 76 71 67 4 2 38 59 84 66 71 98 42 47 92 33
39 64 50 8 16 45 86 22 39 60 54 85 11 19 83 51 31 80 12 81
57 55
73 62 96 28 4 69 11 4 42 34 30 89 51 89 82
62 37 53 62 51 63 56 49 22 30 58 45 8 36 53 72 79 69 40 71
92 95 19 66 22 39 39 11 28 21 13 2 45 39 27 81
26 89 3 74 9
29 11 90 50 72 19 17 89 83 72 27 43 81 5 77 51 96 24
91 84 0 48 86 25 65 57 81 17 48 97 73 48 68 44 76
90 65 44 71 63 64 23 10 10 95 26 34 7 28 38 46 37 57 44 21
97 37 39 85 55 27 8 63 53
33 63
49 48 23 63 57 83 43 2 96 93 85 10 6 8 90 13 90
71 16
44 6 39 69 97 0 36 27 82 65 89 31 68 91
28 68 56 75 49 63
60 65 27 33 11 79 54 99 2 85 69 61 73
30 49 17 80 90 6 20 95 27 39 67 50 80 23 17 86 28 94 95
9 74 33 23 12 76 29 16 60 16 22 49 54 33 70 56 28
23 44 65 15 10 5 75 7 78 67 69 53 39 82 92 20 49 93 65 15
43 2 57 6
6
81 92 44 29 23 17 70
59 75
90 36 3 52 53 43
25 76 76 44 99 33 6 47 9 66 73 6 70 51 38 97 11 19
77 9 54 2 39 14 64 37 79
59 83 83 76 10 0 64 22
96 21 47 88 93 65 60 69 33 65 19 14 71 62 60 13 78 67 35
17 22 27
52 43
22 47 18 12 76 30 68 81 69 32 1 74 40 80 19 85 78
78 15 55 59 60 6 15 29 42 70 9 4 31 88 30 17 58 53 83 16
50 47 67 99 4 87 4 43 57 96 62 77
41 51 38 36 18 27 67 80 48 22 51 97 45 77 67 69
27 53 4 73 18 89
58 79 74 4 86 78 47
22 67 10 13 8 34 89 20 91
14 18 0 2 9 79 43 63 10 56 5 98
81 80 16 47 16 92 28 44 28 16 90 6 10 57 29
70 88 30 84 47 65 26 53 66 19 88 24
47 8 89 98 35 10 56 26
60 12 39 63 45 5 17 48 31 60 76 85 32 82 91 19
49 18 50 42 32 23 10 56 77 67
